2000
0.42
184.68
63.35
265.01
191.7
157.25
114.79
293.59
269.63
244.65
57.06
281.46
232.82
168.28
99.62
4.92
29.96
119.43
48.28
54.37
323.92
146.05
39.03
1.54
2.93
123.83
174.22
187.17
197.19
198.96
54.48
217.27
147.72
115.39
18.7
199.13
256.68
263
170.36
98.95
287.04
238.12
313.23
303.34
176.74
46.65
151.42
77.12
282.54
68.69
255.48
276.45
326.63
327.58
200.38
128.6
87.24
97.42
275.3
7.79
123.17
30.36
221.91
18.43
2.89
301.07
90.41
89.43
192.65
226.49
274.47
238.06
158.91
67.3
243.71
153.51
150.07
311.02
243.94
35.49
196.3
126.24
240.85
199.55
187.57
118.41
49.67
73.77
139.32
263.09
169.45
324.4
246.27
113.24
55.38
215.39
161.19
20.83
229.3
165.42
48.34
311.16
46.4
296.59
227.05
99.31
139.78
23.07
316.74
223.87
50.22
287.46
269.25
190.73
62.71
58.3
267.78
155.74
50.98
165.13
239.87
132.91
91.62
186.37
223.56
247.68
236.56
155.75
40.32
120.53
273.51
11.51
169.42
217.25
139.67
34.31
311.08
301.92
180.08
113.38
154.58
122.88
277.54
103.84
149.46
89.1
322.1
97.59
242.22
185.89
64.23
249.47
275.07
130.31
164.14
291.69
9.01
325.92
187.63
16.56
174.11
63.6
276.25
205.38
215.49
64.84
275.96
40.42
36.03
243.51
102.92
308.37
93.75
110.21
45.97
240.22
273.49
232
196.69
244.85
82.82
47.35
0.54
20
264.19
279.39
69.01
37.89
181.28
4.68
37.29
148.94
246.49
224.84
178.08
24.22
143.11
66.18
228.14
95.15
143.1
76.17
189.36
174.52
206.01
52.5
165.2
315.57
227.99
303.04
62.25
110.09
58.45
326.1
149.9
327.03
31.96
204.86
30.94
143.44
305.24
15.88
293.15
95.04
74.49
252.01
134.59
66.19
205.81
197.97
147.99
152.82
195.9
207.99
280.1
271.58
204.73
236.23
185.39
122.93
60.39
241.8
181.91
296.58
79.59
61.92
198.16
228.89
191.57
115.12
162.03
26.35
242.73
200.56
203.29
226.47
263.63
48.87
188.76
284.34
298.7
201.43
238.45
14.17
218.82
319.99
103.23
186.52
100.22
57
35.58
284.77
278.93
243.9
50.76
107.13
26.01
25.11
210.04
268.7
178.62
146.89
134.02
97.9
152.56
164.24
50.03
105.86
241.83
102.86
270.89
314.27
286.18
237.58
98.33
309.33
41.7
21.55
257.22
171.9
199.77
313.3
23.69
286.93
214.26
105.56
34.35
165.5
74.42
95.13
301.46
180.61
217.19
37.54
161.4
124.24
162.8
259.97
166.88
125.3
225.5
174.38
198.67
129.5
1.94
231.96
32.98
204.17
282.87
161.06
244.89
162.83
124.56
257.35
181.15
117.02
313.17
206.72
57.87
122.64
43.14
243.56
311.86
200.54
9.13
108.09
18.33
209.46
43.14
277.57
283.22
195.59
236.47
279.83
4.82
41.45
231.97
202.23
71.3
21.62
55.36
204.51
111.74
104.67
120.45
216.6
262.93
264.4
172.54
200.25
261.55
295.11
47.46
206.5
131.87
83.14
44.75
280.23
21.69
140.19
187.88
99.06
179.59
73.92
102.03
36.26
264.78
44.15
93.15
258.25
293.35
258.75
243.73
201.6
118.34
280.71
74.88
282.98
75.19
81.78
177.74
322.71
17.64
26.69
171.93
139.86
31.03
84.81
292.14
76.28
48.03
41
305.28
26.26
15.44
19.25
110.24
299.73
130.62
141.82
310.04
274.33
175.06
275.94
227.26
130.32
84.93
1.43
172.23
312.87
130.65
79.01
191.88
83.61
224.14
309.75
142.71
291.71
2.36
308.34
197.12
257.61
188.97
46.68
72.86
125.51
1.41
136.95
26.96
216.25
280.2
21.26
265.77
216.95
226.59
263.03
173.72
224.67
46.79
225.94
238.52
254.85
10.19
284.65
211.2
231.53
28.01
180.88
310.61
19.27
90.11
47.58
321.71
203.16
95.77
302.28
120.44
227.59
71.65
51.1
78.83
170.87
295.66
34.88
295.78
144.75
26.26
256.28
56.3
319.29
254.24
285.21
69.03
149.63
1.24
245.97
37.38
132.62
101.96
325.26
12.65
82.61
62.03
81.17
50.31
203.27
290.12
307.72
64.12
255.48
211.54
215.21
297.91
149.25
301.89
217.64
49.41
208.52
186.63
138.3
309.01
177.14
189.59
175.79
83.66
130.08
114.78
12.01
260.59
64.4
23.04
127.61
193.58
23.25
64.78
51.09
211.14
148.88
198.02
228.51
144.61
224.29
129.94
273.85
194.06
65.41
311.12
287.05
128.36
323.57
60.73
293.51
188.24
144.86
205.57
232.17
16.27
93.58
85.27
133.58
293.38
232.72
238.7
293.62
128.97
130.23
296.18
101.13
127.18
186.97
115.86
240.42
244.24
241.3
242.3
45.66
65.6
89.33
222.97
298.56
120.54
169.63
35.85
297.35
66.55
169.73
214.58
143.7
225.33
29.64
26.08
24.84
9.12
116.36
100.68
228.49
46.76
129.39
22.24
221.43
237.55
65.12
227.42
201.76
214.6
178.26
32.22
178.71
16.27
319.35
152.06
317.84
238.51
173.99
222.8
227.02
121.94
127.35
16.38
265.35
55.57
19.94
101.77
257.06
69.63
105.49
158.82
3.01
144.14
166.42
198.56
248.56
131.43
114.63
276.12
308.78
204.25
326.79
17.53
184.44
282.97
126.74
100.41
93.14
8.76
200.73
128.19
6.11
10.18
149.33
281.13
306.96
131.7
238.32
200.41
264.89
286.86
190.91
194.98
25.9
259.91
151.46
193.54
193.15
186.52
267.41
220.45
112.59
3.36
87.6
111.93
76.06
252.65
121.82
285.04
38.3
237.76
206.09
292.93
59.98
175.5
295.57
255.62
316.28
64.68
295.42
261.3
312.41
278.14
291.75
206.02
60.78
202.16
86.84
82.14
239.93
258.25
56.02
233.93
157.6
26.71
264.29
280.28
40.85
100.76
187.87
154.99
249.71
62.88
238.48
326.05
5.04
212.22
226.64
57.07
23.64
90.11
221.72
274.9
182.41
121.65
255.43
76.2
209.14
75.92
67.05
318.19
92.33
7.51
252.06
49.76
15.4
3.04
114.23
210.99
112.48
135.85
136.49
29.72
178.65
229.14
110.76
215.46
287.13
175.47
186.79
17.7
152.63
85.2
139.86
282.9
159.45
28.66
185.41
232.46
255.09
283.19
278.71
96.02
283.24
211.33
244.73
271.53
250.88
285.71
297.64
299.02
171.04
144.24
35.28
116.01
269.7
140.16
55.66
0.29
215.44
253.48
20.89
29.44
126.38
224.1
264.64
50.5
46.82
15.89
113.43
6.09
320.61
212.22
17.59
299.55
208.89
141.47
6.91
79.5
128.44
214.31
256.21
7.49
270.68
45.37
207.84
180.36
322.27
151.86
70.39
98.54
256.3
112.25
157.49
199.24
33.6
322.58
247.67
49.45
149.56
233.19
327.27
254.12
210.26
203.56
310.02
225.5
94.97
185.85
95.16
179.65
233.43
80.76
179.14
161.43
311.97
219.49
250.73
204.27
146.07
261.74
244.3
324.05
67.06
206.27
298.13
193.76
300.94
165.66
160.37
147.37
291.42
308.15
59.95
82.57
66.53
239.37
308.39
204.83
13.56
210.16
11.32
182.31
178.42
146.26
20.12
326.38
41.87
196.91
16.51
56.63
216.35
108.94
103.54
214.17
134.53
140.09
72.63
222.34
54.55
163.04
166.35
263.04
142.57
1.49
111.25
123.18
42.14
271.1
240.29
292.01
210.81
213.19
168.59
240.51
241.56
313.62
152.65
119.04
36.77
296.44
269.1
149.03
35.62
284.9
249.49
12.83
136.54
306.75
22.21
54.03
69.24
38.32
193.7
38.79
202.6
190.09
226.2
239.72
300.04
219.46
97.82
265.05
123.93
326.86
253.14
66.99
55.9
127.23
59.39
190.38
64.11
314.62
62.35
125.09
99.62
39.6
64.94
15.16
252.7
249.38
288.7
0.59
147.01
139.72
262.65
151.18
162.16
245.56
78.16
183.31
30.4
302.13
292.89
280.83
19.55
160.86
207.11
244.85
247.75
83.81
298.16
259.52
65.42
181.16
16.8
171.11
258.99
230.74
7.89
239.78
181.33
299.57
286.9
261.14
100.09
129.42
157.91
17.24
213.64
0.29
251.85
247.79
72.01
50.72
18.86
219.75
10.72
113.34
228.68
261.54
142.96
321.69
208.26
96.77
156.3
286.51
25.99
33.1
46.94
46.87
300.81
101.17
122.5
266.68
15.29
266.8
78.65
294.22
84.06
88.27
68.17
75.17
277.27
286.67
290.88
276.82
199.65
13.41
56.87
60.22
116.63
147.22
60.65
293.1
204.16
179.03
298.74
171.25
239.42
327.46
317.63
284.24
275.32
48.07
122.69
93.19
56.03
319.08
243.08
234.82
10.13
211.37
266.31
241.15
268.1
40.85
235.57
122.91
212.94
299.97
291.53
10.55
253.46
147.09
2.49
74.92
137.13
51.32
301.15
164.4
79.59
247.23
297.05
69.96
10.53
252.7
74.8
182.39
264.24
279.19
108.67
176.6
324.99
284.87
211.97
74.63
266.34
121.59
120.23
11.47
183.93
130.38
39.26
106.48
294.59
66.03
308.08
40.99
278.31
292.93
146.01
72.79
208
183.53
204.49
138.83
5.41
283.16
45.76
87.63
95.68
223.37
183.98
314.19
198.98
258.29
138.52
268.17
242.31
44.5
169.26
6.59
2.3
245.21
109.41
295.61
151.48
251.63
16.56
206.76
7.93
223.62
317.55
163.99
231.47
87.15
269.47
211.89
195.7
86.39
276.64
150.76
245.16
115.22
4.76
156.16
205.29
132.35
125.71
9.06
94.65
195.58
289.63
141.62
305.25
125.5
174.7
3.31
319.24
283.51
143.34
229.26
109.11
197.38
163.37
183.38
12.79
123.94
76.37
307.15
281.65
315.92
199.5
191.36
25.06
133.38
100.05
163.38
26.24
286.65
99.71
256.09
305.69
192.82
70.86
91.53
183.74
286.53
81.95
98.77
238.27
283.97
75.73
62.5
146.41
291.75
188.2
9.44
326.12
19.42
202.9
84.2
55.66
38.06
75.86
162.17
314.51
16.16
26.1
110.65
91.67
168.94
160.75
135.1
303.01
196.96
95.74
155.9
131.62
311.73
179.69
273.59
260.32
262.69
194.27
285.11
104.23
307.75
87.8
309.11
235.53
41.83
253.92
154.96
57.65
8.75
13.65
149.03
282.56
44.61
4.75
69.73
268.22
261.23
255.48
215.78
97.9
256.06
301.96
275.95
79.51
163.44
7.55
24.82
10.13
116.73
234.4
134.29
59.13
97.63
59.68
244.09
44.16
19.09
172.24
117.6
264.35
52.05
294.87
43.2
9.59
59.46
268.07
81.67
187.01
113.68
176.93
217.88
285.33
305.57
309.75
34.48
50.22
182.84
262.23
293.32
23.77
285.84
269.49
127.24
179.83
220.19
147.77
92.21
311.12
321.83
238.57
194.91
89.26
43.25
64.87
196.78
159.7
116.44
75.35
156.78
226.69
310.69
219.92
321.97
77.84
168.29
77.28
294.27
158.72
106.98
176.13
187.04
110.28
114.09
55.46
95.09
71.86
302.39
242.38
264.44
213.14
225.02
88.51
251.29
21.12
236.51
281.5
111.93
14.55
158.7
6.82
274.66
202.68
177.14
197.94
186.35
254.73
209.73
228.31
249.02
284.43
51.78
138.78
257.71
7.03
143.65
13.82
165.91
88.24
22.38
80.24
321.8
165.96
201.7
23.28
120.43
313.11
281.83
110.59
79.27
94.88
16.71
325.29
56.52
22.59
72.14
98.61
257.84
212.87
27.43
86.11
44.73
71.29
184.35
58.42
207.19
35.04
148.68
248.66
109.39
18.82
92.58
227.51
286.15
185.99
284.59
26.62
260.64
327.57
208.08
202.79
194.9
194.36
63.66
320.76
75.87
13.87
78.34
83.61
133.31
260.49
89.29
294.93
124.34
238.41
67.67
17.36
198.11
116
118.38
218.93
319.83
73.29
293.53
113.7
312.45
217.95
66.09
92.53
116.48
174.33
95.36
72.09
32.65
34.98
232.44
276.5
220.16
268.42
1.9
161.01
198.13
306.49
95.24
198.52
244.75
286.34
298.92
272.01
198.55
99.91
256.98
49.2
177.81
225.79
129.32
325.45
33.41
134.88
9
225.26
84.84
55.39
74.93
61.94
282.53
250.12
15.61
158.35
18.41
314.98
27.86
185.3
315.41
188.06
287.92
133.93
132.11
135.5
215.79
269.8
309.72
92.78
0.74
201.94
16.21
214.98
138.27
312.77
197.91
65.83
135.79
111.6
204.19
264.9
1.6
34.5
129.25
90.73
103.81
270.09
279.68
102.09
64.78
185.04
153.71
326.08
141.97
120.75
137.23
126.12
190.2
287.62
110.57
128.91
311.64
166.84
137.17
199.33
254.53
27.42
49.55
68.14
28.63
103.97
154.61
206.16
109.05
26
201.37
46.81
91.99
270.33
143.88
325.85
72.41
35.18
170.07
86.71
2.42
188.83
252.5
35.24
317.59
121.06
296.22
170.96
72.97
99.17
156.79
101.79
135.8
250.59
275.78
127.51
140.08
237.3
240.82
29.96
26.79
246.77
277.54
209
117.85
155.66
30.94
136.09
61.73
112.44
299.3
75.15
101.69
50.56
111.92
59.74
89.23
67.49
56.52
109.87
21.45
164.47
315.78
265.18
146.3
299.17
58.75
157.92
154.7
229.13
81.47
306.94
90.92
98.16
269.5
268.58
206.41
260.53
2.37
85.52
94.88
312.27
281.63
169.56
231.84
83.95
301.81
160.98
30.66
270.66
25.14
92.62
125.79
210.79
168.79
141.41
46.12
319.48
24.46
1.71
299.76
134.9
247.51
61.5
33.34
138.66
222.15
172.83
270.08
274.33
88.97
163.68
285.23
48.83
318.11
176.42
72.32
21.88
67.06
64.8
63.22
65.39
313.52
194.48
242.09
96.47
222.77
257.6
301.9
304.23
276.67
84.87
34.56
20.29
296.15
48.61
292.54
117.78
313.49
125.04
108.62
224.32
290.83
124.56
141.98
221.07
87.53
158.22
172.97
262.82
260.22
244.56
159.48
271.25
183.19
91.36
113.77
17.75
298.6
249.99
120.75
92.54
69.23
106.36
16.44
288.89
81.54
132.33
47.48
286.81
199.27
256.79
64.51
148.02
249.62
142
208.56
263.64
57.17
105.74
315.62
232.46
64.74
282.75
15.51
243.54
11.82
42.88
27
181.11
186.44
174.66
71.73
25.3
99.82
21.13
134.77
43.82
82.48
268.91
166.72
88.06
323.73
300.33
39.9
93.21
231.66
154.32
96.59
112.94
172.07
265.79
169.49
22.07
271.72
181.67
33.97
166.98
310.21
236.95
155.3
147.89
301.1
179.85
119.7
289.79
216.18
40.16
166.27
36.85
91.69
179.07
259.29
120.98
281.19
243.91
152
117.86
144.87
192
124.21
207.11
182.72
158.14
274.16
60.86
3.19
35.81
13.32
72.68
83.88
134.45
231.87
145.08
43.61
178.28
280.75
264.32
71.53
302.72
102.69
46.94
198.86
3.38
313.12
176.05
126.78
4.07
77.69
290.23
194.14
50.01
5.43
175.38
300.39
213.89
73.56
132.9
316.48
31.82
130.94
165.85
109.88
107.62
204.94
82.18
95.02
174.83
294.48
156.66
107.54
221.05
150.85
190.96
135.26
302.22
39.65
217.82
48.73
81.07
36.57
33.44
225.94
270.81
160.81
148.69
214.12
137.14
209.69
32.52
272.17
120.8
287.69
170.41
315.32
129.34
237.8
206.64
122.6
266.54
279.37
20.96
243.66
118.75
77.21
268.36
256.81
89.77
184.56
57.26
40.72
248.09
135.6
91.57
56.03
178.33
79.06
104.41
73.76
215.63
228.86
219.63
210.81
18.37
107.98
312.03
105.09
100.81
53.41
120.77
90.59
314.94
77.41
85.47
204.75
247.74
190.98
88.81
233.36
110.73
234.01
7.08
229.56
206.67
41.42
235.89
124.82
171.69
283.16
193.97
162.26
10.1
220.13
181.37
114.56
187.63
250.44
7.43
0.22
179.23
245.13
92.49
260.19
273.69
237.18
97.15
176.51
132.91
33.36
127.6
31.7
218.96
53.04
226.41
219.8
242
291.06
247.92
186.62
86.82
36.53
87.54
240.34
320.3
159.88
70.43
262.54
200.84
114.21
158.15
327.19
122.45
310.64
72.3
206.53
188.65
47.7
304.71
150.06
210.48
15.95
214.88
243.27
32.77
213.24
65.41
76.8
239.91
325.89
247.11
292.72
179.46
292.22
284.71
201.84
235.9
239.56
49.79
247.8
50.07
132.63
201.36
234.88
271.97
290.34
20.89
129.36
197.8
159.94
147.91
249.63
189.66
110.02
191.06
118.08
245.68
26.7
31.35
326.72
14.58
129.99
35.46
135.98
142.19
88.39
148.45
73.73
85.64
210.29
292.65
288.02
147.24
134.91
76.05
316.02
242.28
111.98
236.93
197.72
203.64
293.02
223.64
77.22
35.66
174.22
234.46
186.11
4.96
167.42
150.23
318.13
291.52
230.16
80.56
33.94
87.39
152.8
198.83
16.09
